Query path:
/teamspace/studios/this_studio/data/sf_xs/test/queries/@0546930.76@4177486.53@10@S@037.74346@-122.46731@51263947764@@@@@@20210622@@.jpg

Predictions paths:
/teamspace/studios/this_studio/data/sf_xs/test/database/@0546926.09@4177486.62@10@S@037.74347@-122.46737@HtgKx1-vLYflSLpYxA6jzQ@@143@@@@201311@@.jpg
/teamspace/studios/this_studio/data/sf_xs/test/database/@0546934.89@4177487.78@10@S@037.74348@-122.46727@rsiBAGBa0weVHxwGXxW4tg@@173@@@@201311@@.jpg
/teamspace/studios/this_studio/data/sf_xs/test/database/@0546926.09@4177486.62@10@S@037.74347@-122.46737@HtgKx1-vLYflSLpYxA6jzQ@@173@@@@201311@@.jpg
/teamspace/studios/this_studio/data/sf_xs/test/database/@0547887.26@4177801.70@10@S@037.74626@-122.45644@4-_8lIpXGv8ddylbbAFEsg@@107@@@@201311@@.jpg
/teamspace/studios/this_studio/data/sf_xs/test/database/@0547759.57@4176268.71@10@S@037.73245@-122.45799@-tmiI85XalnXQrIU0xrlkw@@180@@@@201311@@.jpg
/teamspace/studios/this_studio/data/sf_xs/test/database/@0547909.98@4176468.19@10@S@037.73424@-122.45627@0_Npyvv4dvG1ADVj6GArJw@@167@@@@201311@@.jpg
/teamspace/studios/this_studio/data/sf_xs/test/database/@0548088.87@4176164.11@10@S@037.73149@-122.45426@Nw7UCWnxKC_h97o77OXMvQ@@146@@@@201311@@.jpg
/teamspace/studios/this_studio/data/sf_xs/test/database/@0546120.13@4181698.26@10@S@037.78147@-122.47625@zrxXh-FwtQdRbGYC1yr5uQ@@208@@@@201311@@.jpg
/teamspace/studios/this_studio/data/sf_xs/test/database/@0547547.25@4176107.71@10@S@037.73101@-122.46041@L5JFrK5b9QUgIIO1JaIZiA@@71@@@@201311@@.jpg
/teamspace/studios/this_studio/data/sf_xs/test/database/@0547040.66@4176090.39@10@S@037.73088@-122.46616@Q8YWHrVXajIFmFC6hUlzdA@@245@@@@201311@@.jpg
/teamspace/studios/this_studio/data/sf_xs/test/database/@0547943.52@4177216.20@10@S@037.74098@-122.45584@M5IO4kkkbtDmonde7L0pAQ@@296@@@@201311@@.jpg
/teamspace/studios/this_studio/data/sf_xs/test/database/@0547906.45@4176469.28@10@S@037.73425@-122.45631@tSRNpiU3TCZRHit3sYZV2Q@@165@@@@201311@@.jpg
/teamspace/studios/this_studio/data/sf_xs/test/database/@0546669.12@4176342.35@10@S@037.73317@-122.47036@VjPI72ufVkFxwBfwY4vZBA@@106@@@@201311@@.jpg
/teamspace/studios/this_studio/data/sf_xs/test/database/@0546747.47@4176199.67@10@S@037.73188@-122.46948@goYxCdhVRL19hUxkz5t_PQ@@0@@@@201311@@.jpg
/teamspace/studios/this_studio/data/sf_xs/test/database/@0547940.90@4176303.05@10@S@037.73275@-122.45593@-lPrOVVJ7AsHMV181q-mSw@@306@@@@201311@@.jpg
/teamspace/studios/this_studio/data/sf_xs/test/database/@0548139.09@4177372.67@10@S@037.74238@-122.45361@ww_Kj56GlD1GeaDVMutaIA@@306@@@@201311@@.jpg
/teamspace/studios/this_studio/data/sf_xs/test/database/@0545890.01@4176210.39@10@S@037.73202@-122.47921@gO5eF_X2aMkc_ZeIqThjJA@@86@@@@201312@@.jpg
/teamspace/studios/this_studio/data/sf_xs/test/database/@0549461.82@4183935.61@10@S@037.80146@-122.43815@2XhbGo6qVqvCbLEX1AhVYA@@122@@@@201311@@.jpg
/teamspace/studios/this_studio/data/sf_xs/test/database/@0547677.04@4177588.56@10@S@037.74435@-122.45884@HN9VbMSeAopvZt5-Zt5F5g@@340@@@@201311@@.jpg
/teamspace/studios/this_studio/data/sf_xs/test/database/@0547405.20@4172761.70@10@S@037.70086@-122.46224@_cOXKPPCUPffLThY8FakXA@@236@@@@201312@@.jpg

Positives paths:
/teamspace/studios/this_studio/data/sf_xs/test/database/@0546926.09@4177486.62@10@S@037.74347@-122.46737@HtgKx1-vLYflSLpYxA6jzQ@@173@@@@201311@@.jpg
/teamspace/studios/this_studio/data/sf_xs/test/database/@0546926.09@4177486.62@10@S@037.74347@-122.46737@HtgKx1-vLYflSLpYxA6jzQ@@143@@@@201311@@.jpg
/teamspace/studios/this_studio/data/sf_xs/test/database/@0546934.89@4177487.78@10@S@037.74348@-122.46727@rsiBAGBa0weVHxwGXxW4tg@@173@@@@201311@@.jpg
