Query path:
/teamspace/studios/this_studio/data/sf_xs/test/queries/@0547313.18@4177847.20@10@S@037.74670@-122.46295@51217444815@@@@@@20210531@@.jpg

Predictions paths:
/teamspace/studios/this_studio/data/sf_xs/test/database/@0547312.56@4177848.31@10@S@037.74671@-122.46296@1vRmZNGVTi4Lv7My_cB4Hw@@98@@@@201311@@.jpg
/teamspace/studios/this_studio/data/sf_xs/test/database/@0547316.94@4177851.66@10@S@037.74674@-122.46291@KIJUY74-kfcExGZjQgN1fw@@114@@@@201311@@.jpg
/teamspace/studios/this_studio/data/sf_xs/test/database/@0547297.59@4177846.01@10@S@037.74669@-122.46313@hEtyBHKuuVDTrV6HWWLdzA@@149@@@@201311@@.jpg
/teamspace/studios/this_studio/data/sf_xs/test/database/@0547316.94@4177851.66@10@S@037.74674@-122.46291@KIJUY74-kfcExGZjQgN1fw@@144@@@@201311@@.jpg
/teamspace/studios/this_studio/data/sf_xs/test/database/@0547312.56@4177848.31@10@S@037.74671@-122.46296@1vRmZNGVTi4Lv7My_cB4Hw@@128@@@@201311@@.jpg
/teamspace/studios/this_studio/data/sf_xs/test/database/@0547320.45@4177855.01@10@S@037.74677@-122.46287@0-K5TLHgn5iVgCFl4Fio7w@@128@@@@201311@@.jpg
/teamspace/studios/this_studio/data/sf_xs/test/database/@0544842.63@4175981.62@10@S@037.73001@-122.49111@d0vlbl91ZjknMNLFS9hLYQ@@203@@@@201312@@.jpg
/teamspace/studios/this_studio/data/sf_xs/test/database/@0545348.44@4176144.15@10@S@037.73145@-122.48536@nsWJq4OoGQtA841LDrCOEA@@236@@@@201312@@.jpg
/teamspace/studios/this_studio/data/sf_xs/test/database/@0548278.83@4178636.13@10@S@037.75376@-122.45194@1qL-ZHoRPNN7WXIE2B__Cg@@154@@@@201311@@.jpg
/teamspace/studios/this_studio/data/sf_xs/test/database/@0546333.21@4175590.43@10@S@037.72641@-122.47422@WPN3L6mHwjG-YeBylWk9Yw@@232@@@@201311@@.jpg
/teamspace/studios/this_studio/data/sf_xs/test/database/@0548791.70@4177120.21@10@S@037.74007@-122.44622@ZTSuTIo6xbX022xbcWlN2g@@356@@@@201311@@.jpg
/teamspace/studios/this_studio/data/sf_xs/test/database/@0545038.20@4176154.66@10@S@037.73156@-122.48888@sARFuVl4cb6VdMJdwHGFKw@@236@@@@201312@@.jpg
/teamspace/studios/this_studio/data/sf_xs/test/database/@0548067.12@4176720.96@10@S@037.73651@-122.45447@DRZFOOmSSy11sm1qFQR2Wg@@180@@@@201311@@.jpg
/teamspace/studios/this_studio/data/sf_xs/test/database/@0545380.44@4176093.29@10@S@037.73099@-122.48500@Yr6RaSAl7GgeOfXvIfnmTQ@@294@@@@201312@@.jpg
/teamspace/studios/this_studio/data/sf_xs/test/database/@0546332.30@4175595.97@10@S@037.72646@-122.47423@by6KhieNsjQLpEZ0qX8X6Q@@232@@@@201311@@.jpg
/teamspace/studios/this_studio/data/sf_xs/test/database/@0548934.02@4177042.27@10@S@037.73936@-122.44461@j5enibFCUFYdzDyQzJyuuw@@344@@@@201311@@.jpg
/teamspace/studios/this_studio/data/sf_xs/test/database/@0548402.04@4178357.25@10@S@037.75124@-122.45056@5KPHa7_r5Umm5PXsZpkBtw@@211@@@@201311@@.jpg
/teamspace/studios/this_studio/data/sf_xs/test/database/@0545155.54@4176772.19@10@S@037.73712@-122.48751@U0IeYNZs5LUHoOqh2AtwFw@@49@@@@201311@@.jpg
/teamspace/studios/this_studio/data/sf_xs/test/database/@0547029.65@4177402.88@10@S@037.74271@-122.46620@iMhdhLXhOS1fvL4ZNkp8pQ@@228@@@@201311@@.jpg
/teamspace/studios/this_studio/data/sf_xs/test/database/@0548300.02@4178178.02@10@S@037.74963@-122.45173@kdbzVNnJO0FxEH8Uv1mwdg@@57@@@@201311@@.jpg

Positives paths:
/teamspace/studios/this_studio/data/sf_xs/test/database/@0547312.56@4177848.31@10@S@037.74671@-122.46296@1vRmZNGVTi4Lv7My_cB4Hw@@128@@@@201311@@.jpg
/teamspace/studios/this_studio/data/sf_xs/test/database/@0547312.56@4177848.31@10@S@037.74671@-122.46296@1vRmZNGVTi4Lv7My_cB4Hw@@98@@@@201311@@.jpg
/teamspace/studios/this_studio/data/sf_xs/test/database/@0547316.94@4177851.66@10@S@037.74674@-122.46291@KIJUY74-kfcExGZjQgN1fw@@114@@@@201311@@.jpg
/teamspace/studios/this_studio/data/sf_xs/test/database/@0547316.94@4177851.66@10@S@037.74674@-122.46291@KIJUY74-kfcExGZjQgN1fw@@144@@@@201311@@.jpg
/teamspace/studios/this_studio/data/sf_xs/test/database/@0547297.59@4177846.01@10@S@037.74669@-122.46313@hEtyBHKuuVDTrV6HWWLdzA@@149@@@@201311@@.jpg
/teamspace/studios/this_studio/data/sf_xs/test/database/@0547320.45@4177855.01@10@S@037.74677@-122.46287@0-K5TLHgn5iVgCFl4Fio7w@@128@@@@201311@@.jpg
